Urad Dal|8|1|1|0
Rice|1.3|0.28|0.027|0.03
Wheat Flour|3.64|0.76|0.1|0.001
Penne Pasta|1.18|0.17|0.06|0.04
Potato|0.77|0.17|0.02|0.001
Tomato|0.18|0.39|0.009|0.002
Onion|0.4|0.09|0.011|0
Beans|3.47|0.63|0.21|0.012
Cauliflower|0.25|0.05|0.019|0.003
Carrot|0.41|0.96|0.009|0.002
Cabbage|0.25|0.06|0.013|0.001
Chicken|1.65|0|0.31|0.36
Peanut|5.67|0.16|0.26|0.49
Ketchup|1.12|0.26|0.013|0.002
Paneer|2.65|0.012|0.183|0.2
Peas|0.81|0.14|0.05|0.004|
Capsicum|0.4|0.9|0.02|0|
Tamarind|2.39|0.62|0.028|0.006
Kidney Beans|3.33|0.6|0.24|0.008
